# Created by Octave 5.1.0, Mon Nov 11 15:38:03 2019 GMT <unknown@DESKTOP-33VEO0M>
# name: b
# type: matrix
# rows: 2
# columns: 9
 -122.20999999999999 37.810000000000002 51 2436 541 1015 478 1.7250000000000001 113900
 -122.22 37.82 52 1688 337 853 325 2.1806000000000001 99700


